1000
3.24019054049133 4.158469389263627
7.579785554354003 1.938966689289654
3.3755983660486333 8.964061666896455
4.4464958240606975 0.714441597208757
5.105093524982967 9.273173903203402
5.62590625858863 0.2628639664177268
7.028504083963668 6.430907835062552
4.2924538777225765 0.7705114825113502
0.32454642045834703 6.526062763071953
4.7304380938793305 7.932040968287134
0.6526848599268664 7.0918443640402
9.7736773762157 2.2218669060580187
3.9743762006851324 2.767704630776869
6.325343215289184 7.211576034846498
2.2673986849733243 4.299017654072563
0.7455354193194175 1.761271279819382
2.406879816394889 0.3366769002742154
0.9271012675712942 9.949525241397868
8.57901367987142 0.9650966144037965
3.560638716376566 9.599801064449256
3.2293090823795856 1.5780855506668345
2.581138839476295 2.624275370792742
9.720018348319167 5.220775172904164
7.710386398542763 0.4396270895423082
2.1061343288130896 6.293081785850117
3.344497191139799 5.716179330548048
4.062822464921561 8.713620849007468
4.600629579996818 8.155238459690095
7.3084865059401425 6.322609356288524
6.004640853279484 6.422579168836274
3.0527945456918424 5.99364062636473
4.544780444223554 5.681457305943754
6.4982984448141625 4.387006780505053
1.2666553286890336 7.6953054604227775
7.1715672233046135 2.263635299652864
6.213064880557377 5.748237413906292
1.144654574616235 2.8871864869838095
5.891255465368892 2.359727122938783
2.2019395330950697 4.026961724147432
8.406452936936159 7.72444992288076
2.289755351887405 4.924067013893177
7.895640702060943 5.708521831364161
3.785067817881118 6.089733313249511
6.1918302079647 1.466122231842708
8.00096807957204 2.880066246822568
9.139046730833986 4.164433365048627
9.550123164095925 1.1996943170913321
4.3142598155275245 6.076325497088674
5.2153328354535695 3.4921218305002135
0.6158965545210526 0.7452239148531237
4.472333038855776 2.5450552374413093
3.2810862748571292 6.609082882671951
4.71533549340723 5.888838789372946
3.2660664917813453 6.6143926420951695
0.09824224795471626 4.600294133988211
2.8878437792757525 9.374843755705637
9.579605859230663 5.979058324877272
9.901042162808814 6.967783636242931
3.4751181181172255 1.1165947440967505
8.718504766284962 3.2590218136718594
4.075781589752081 1.3180142030655706
7.309006895028488 6.775085899176766
9.038893958541086 7.484373246098826
5.593236060331598 0.6002229565763373
9.374541919278329 3.5303184343656646
9.17821997441008 6.3558539592235705
4.215038015209367 1.5304510967940843
2.2930861660065793 2.1985022603326354
9.163678741409303 4.550175514566179
5.258162934730223 9.835604586277704
5.814409638149937 0.9439951010499614
1.1749223233177597 8.705665447643883
5.944190486314252 9.823790183112585
5.046962406631062 4.143842999969667
4.088952352304004 7.507332387562769
2.066328151875181 2.4100469360098122
5.055217735973072 2.2281877079017876
9.550493503300094 7.793890909257666
8.363030145594372 3.234051204456083
4.6318728708569825 1.5227145855737678
4.511363992486976 5.29453445533804
1.0097594196431214 4.822014976300491
3.329551228078863 5.544365857717777
6.510730051843058 4.695865344443311
7.556820351755414 8.489675959899541
0.6408980274239373 0.48131932924187715
5.502030532920852 6.794914083707887
8.670659200113768 7.13136823792884
2.0925464874378132 0.3228121503269954
9.76767169199111 6.831276325515679
2.415071922862413 0.46409852794111695
7.77030738014016 7.928558827278989
5.0147233117076 1.99796192965083
6.691147442102633 4.632938385907747
3.519319246829858 3.7680396492271773
8.484356653661871 8.401919111318822
0.9248253474178003 5.08118820748931
1.7837084346587695 9.379209840894088
7.808602485696329 8.901474766771404
3.2112408590145503 8.76419321073542
6.8716460889331294 5.532047324223795
6.1580494496553335 4.985911193431665
3.291275648988324 3.6612458297766692
4.64032595787237 0.5010220341856608
2.7982480043864175 0.09788522741178252
0.9650649598482686 6.785327608131126
3.0933624073922426 0.7658921467878277
3.890786126532557 3.875970175237049
0.4207726802574674 8.80150876760728
4.465537712969118 1.1032897374923145
5.642761858581632 5.207527481584346
0.41172962556305204 7.481186518292173
6.981122913586962 7.784317509554216
1.278949341384309 5.374191185066014
3.4876676163519993 5.6343403859149275
0.5203458121853166 4.392853349695377
2.2906762292041627 1.6288626940803386
2.8580838595425506 3.736538077118773
3.1097434472574506 9.952899931503902
4.085161303580692 8.922154677269647
6.568734905747017 4.647362577689995
3.14953866584736 1.6799310703162518
3.937746727188711 3.604975197829836
5.632878246090024 1.6800479596952167
2.3651690516622215 8.088110956395763
9.46983935716563 7.081393770078196
2.906232151910142 7.853060466816962
6.132620268589263 9.06223501125003
6.408697273686998 2.9103561241839415
2.3235240669815163 5.223923720825528
6.154514049837346 8.395100021559657
4.655703518204481 0.5984331369168194
8.71868935210237 3.8559417171999275
6.068694276142851 5.7023317089624275
8.322554079485908 2.3168204198877564
7.7899640616607115 3.7731503261832264
5.774474309521411 5.21790041270029
1.607138000107985 7.343287583947879
0.23986777144721083 7.6238149261168475
1.4136608680225504 1.5224850255614575
7.101581285186072 0.7495657682164647
2.8367440765799437 9.693495141120339
9.9966622726154 4.882088601753557
6.033488600963511 5.5829100103212825
4.038161510676392 3.754438476309204
7.944983112352957 4.17604840747106
5.837282458423122 1.3289624550678591
0.45302815664049145 5.386500294410558
0.061339031654037424 5.207499939916465
0.5979503043808598 0.34626490683988376
7.581147516919533 7.5049292201001805
5.503323586426156 7.393275757186958
6.739313011049966 1.4684805431026349
6.716101390187394 7.6786991440438115
5.134540765083991 4.719750076245647
8.547675370292163 2.7706160457445517
1.2091915168626044 6.775773357619302
1.5709378123070328 7.0947213622172365
9.918633786246646 8.103518706505977
4.984472236232714 6.004981143248384
3.1814008588406004 8.96008824444224
8.294627951679944 9.839941886937195
7.348633617199037 0.2530927819797679
3.700466920547699 5.628271104940371
6.882574466160656 5.9945210530768005
3.2886933909151637 1.2180900597803956
4.271234707111498 8.742312385090198
3.0152001955813343 8.07495595316915
5.283167298177056 4.325474313322641
6.501478859970131 9.994825954730437
1.2069187437200568 5.591250772398553
3.730315079503832 6.476908812035603
9.094113453285189 1.0610231458454245
7.65094919380134 3.4550833699700165
5.620407605197152 2.2513590347563683
0.584273958327064 8.625137924957336
1.0100551830874904 8.738492747065806
4.397469032948557 8.764675885602642
7.479255967762283 0.33240298839119053
5.765978537084839 7.949503062393649
3.2105041895558264 9.467142615613135
1.9042757157972423 2.7787385022864077
5.275251144967676 2.3757425475526883
5.9777802804508156 7.459386961011729
5.544655958142922 6.5558721581069825
4.653000096096941 7.745622848999735
1.3197907026114464 8.734108103851772
2.9163650317177616 0.5130436295051399
1.9283214897058731 1.0504267697276726
8.574844924059114 4.171287368229835
6.099461543880313 1.0523515884628298
7.403117972158131 3.2349491669531885
3.7103715631753955 9.971501994238684
2.424794490289787 6.088936263703796
1.5155698654985739 5.055284076764055
8.342576646907002 7.805180933143757
8.318832185586622 9.716311620345033
3.522670594624966 5.056539365634518
4.877239289080767 0.07049720283070049
8.408284856003284 8.334609815103555
6.694516733363303 7.365556933624823
1.4320873855543514 0.7756507400506951
7.618244543348317 2.3995569916492387
1.8320238589894 6.872325013882918
1.6885304359050557 8.456299668101174
2.608040236903173 6.39519457807844
3.293358455657387 0.9067646177482913
3.229625493225161 4.68979831302202
9.435969803615038 4.814503711719725
0.7347188929162907 9.00127662585656
8.014181421770598 3.234258803938872
4.19267069200361 2.916127467044063
4.521979480753961 0.8593123606344288
1.992450922593757 4.849693568627308
1.9379628101113 0.5762869218106248
3.0439258609571263 1.1605563032351518
5.758454534200355 3.2743376024638504
1.6401296334397064 1.5756638443157045
3.79076555432859 6.744416690423175
5.009360502757916 9.353125507121707
0.04543125843400886 2.8250341814700564
0.306251213886537 8.944098285229341
4.727602598017332 5.084834360492065
0.4632732627571634 1.6819541081115108
2.6902573522693607 1.4522404086201712
6.126760273483444 7.527155534105598
6.038721917577368 1.9683917861423406
3.5015736105603903 2.356276188564803
4.262425840120506 1.320857124593846
1.9604289045626688 2.3004822751505216
7.02550152312896 2.970071235301055
2.987180190762604 5.67082949415221
6.464431514499347 9.553090147452817
8.982617829899066 4.288067143649902
6.177761222108792 7.274474375185099
0.8637321894084482 4.285516250339677
3.1587835735462644 4.103847100253404
4.1358031198139145 4.659076142515863
4.829760079800477 5.89517949748156
6.1799718977444975 6.396273199527373
1.211876305930909 5.724027822251109
3.9075839532693513 8.160558930538622
0.9637743102900542 9.331842025697187
0.2682848936975968 0.5415722182408189
3.7283395998653512 8.897633865721598
2.910669425414766 0.15887097765356684
2.6724273075161644 8.286670435849786
6.707812304024224 0.7145349913562893
1.8440823246467375 7.27760408904583
8.259374273357446 0.18768669719341102
2.4830378213366733 5.106672347125006
5.242760858591229 0.6586905699162404
3.041974529618683 6.477966317500119
7.929370713511582 5.421786149295132
7.786987662704958 0.04505637696534448
9.418938562348064 0.20847294657254545
3.5730524503469985 9.02520253934791
8.503017562671413 1.3969153952246915
2.3774575181850253 8.646220310910598
0.7196488616657482 0.7526308994134678
6.795388758519499 2.4913021266698476
6.326501319491248 3.9207915733788425
0.5817892111250067 4.570334998414549
3.550525465189638 1.5909457768768254
7.378092515516074 6.928985657148575
8.014278489714538 8.7590656952585
4.4926307899160856 7.828167734893478
4.563135948069558 5.658152802387503
3.6899332823209265 9.743709045318507
2.240285487818756 5.116647558551561
4.679024434100666 9.561687533475531
4.808828607519478 6.653300517783052
0.7012380212328817 1.1983751925592245
1.981709768502975 2.693995817816115
3.102310762335514 1.1408411911382832
3.1058945431538474 1.7067109047853046
3.870496636430657 9.448602039271517
5.378793601840062 2.503659599275645
6.194448743046532 9.229674452101804
0.3982252240485884 6.771373710363227
9.60291886729507 3.6854211945240403
4.072608882338361 4.062673475594511
7.0700583478962455 9.191925334972424
5.771280292651752 7.851605127876847
5.156301349689743 1.8634514467631769
3.5013573273445795 7.60688133820635
5.382195758653804 1.3159970000581689
9.528381542950505 5.259431817147165
2.440097067123257 0.8028833070543506
3.747585090172735 7.077672831568922
7.078615795254631 6.81443470821382
0.10271856434594162 4.03924930250095
8.381342382543895 0.4289939771489881
0.9713105991075932 7.780313012978453
0.6002784513304149 7.361621307731097
2.8132023439695963 3.8036350632172464
9.614693880114825 8.053129110435622
2.19972318381413 4.669113844682849
9.451811109876756 5.336116338767702
9.974852289119191 5.055585101703502
1.0351223359331907 5.526241080079503
1.4897989811132595 2.8952678196974277
6.820536124632628 1.0538437505490283
2.728186500125216 0.4559159462042661
2.8986625993480675 6.914967208901261
1.8263523297968776 8.886423436663009
6.309834795526155 3.3396191071212744
7.369672700871167 1.0831709805219636
7.310337086491875 7.842516442879585
3.099315798765918 8.003804107399592
2.675212088728739 6.5169899034511
5.025662870468811 0.3448192260928784
8.342565092403971 7.619533906463637
2.8514491821767907 4.578594957901513
7.82158133466826 2.812991859928504
4.48238790420516 6.652950703663115
7.052487342194601 8.707776798396754
8.832747759808221 5.968186726738293
5.754946624336949 7.644652250825588
6.666549550536214 7.36214712107329
3.7205223605871627 6.705374595954216
0.3105578678926424 5.476417879130934
4.660568432027644 9.383754643812875
7.034609490661948 7.435398126383401
6.157072634043951 9.902437781356994
7.937503385324433 5.28311387877377
5.19065526488404 3.794108289195438
1.3305057079607985 9.251652860051854
7.503796939645813 0.4402264419682056
0.9838604678881657 0.9054453542333818
2.768327470547114 4.474268354887048
3.930059895617716 5.206248709358498
1.8819883055789721 1.9172044422757506
7.204727611331582 5.7111019714629805
5.502577187502863 6.376191168814067
5.165795671606766 7.619554057981606
4.7373743712074265 6.5909063134638615
7.68384028007251 8.16584880244542
1.4372729971337617 0.056245794352145495
2.9447586007375848 2.1416276774995135
8.167735855655955 0.39564328316486597
0.6388933539494013 3.450826286298857
8.754817791154313 3.9289707763945314
3.8525185481297584 6.691989749434262
7.014033237142795 7.418515705984836
6.248923081545168 8.833381296757505
5.532929251125579 1.4138719689147738
0.4645029092528652 7.838055524338915
6.04322619670409 4.239177874609167
6.016161803796646 2.250641082434952
3.488790963613595 3.0568853588851272
8.282910088707466 5.441993624523203
0.3682819578641239 2.4201592937380747
5.832802594013426 1.658708518396349
6.05813158861384 9.536622361648822
7.96025803346478 5.7061010077711405
9.394081806951537 0.3696170639265084
9.321640926042962 1.685217514437154
2.302805355414199 4.984463327250241
8.861912939514518 4.66886158541562
7.541149545759844 3.5576196201747488
9.1206762902939 6.34192593681542
5.416084026302487 9.563035321422081
6.336934517558275 8.022596429673378
6.3908866312106465 1.6272161680696806
7.6917181346371795 0.4678841376011722
5.093744443595339 6.575470437958511
5.166213017117871 2.7111819705450046
0.8031565250592954 5.550641315195838
3.844145688742616 0.8264367906111292
8.640515888508963 5.3107554754084685
9.880506019291872 8.570869765947045
5.18480981918795 7.575903456940266
0.22895582917271673 0.1395624483390001
9.735025734960614 3.6041765113010724
8.142207677421974 3.434209770647886
8.374458039586905 3.0545680208060935
9.942663180887736 0.07996260915570375
0.9527732623617258 9.5024673056971
4.340680015823365 2.1043303000284483
1.9682050486894676 9.660781791450782
5.5993182300595485 2.2655132937783193
3.8676106592025583 6.382937806701906
6.040761180631668 4.640734284957317
1.3033798623241455 6.911079148983869
6.5936088246008575 1.5485227925311174
8.182228631835661 2.9767836570539297
3.287408982174782 8.05828665300273
4.340998730606385 5.9409657365084
5.980099435256268 9.027315295509991
9.004592145742343 5.818557175959599
7.323159787789281 4.7413109097718875
8.207755201323268 9.11472547367681
5.5045233201709465 7.409259279716899
5.074021294213061 7.779615474562002
5.3784481224417355 3.8960971729850655
0.6843090916148253 6.458114129337758
5.906300863270245 1.1126686101261718
0.6726186403757328 1.2983585430125821
6.609981190993769 3.0124397858698613
9.073755800799727 4.040960759028195
6.855911353614655 7.480518580886405
4.0942652635447585 7.201510989962227
1.2739860342735077 2.4614781391426535
2.2515589694869407 5.227358260158912
7.349274317594345 8.257062739075208
8.97226096772256 6.978932942973037
9.493897941525468 2.5803835216508175
8.441676801811836 7.002192816552819
0.9797248642320588 2.1354873909574046
7.835050992617859 6.3788116293647645
3.924566399042324 5.452493266218674
3.4185432975224517 4.415031506212863
9.598231158461564 4.857364567540337
7.119224421146267 7.538880887431674
7.017224393383202 2.8838776040674254
0.7532130209078947 2.2968728340772984
8.302536130601954 3.960307469623584
3.2386400407680025 9.842755142409553
0.5365511772304776 3.031760350728371
7.643858142424868 7.830159140752581
0.782778652293239 1.0472736851132558
2.413876762478827 1.6207499702691275
2.470074311988837 1.0430184960933364
7.309822319110378 6.134154097972919
4.187981290242037 0.597619796462342
0.5259081928321252 4.843607694908404
5.409033734415192 0.5332121738195794
0.04898586616621903 2.423693260874671
0.7397146241971353 5.817128038324802
9.581299434821908 4.1500986353508384
9.959076296972274 1.6090897060638876
2.4698144477472797 7.079777590168708
6.11910822153609 6.550436903217543
6.011462655243891 9.628076478038167
7.227339056313374 2.1234187954901595
2.475657312496401 0.11368756138424252
7.954335876945721 9.208325189424063
7.959695218846506 9.706019868872357
8.428301055201613 4.01780200269259
2.484789870523829 6.098899804095359
6.363984082289723 7.152157737376344
5.76533327450527 9.285018487357506
8.375075773013732 4.554810355867881
0.9922964964986658 7.442333039642088
8.795207238118989 9.669118865566219
0.36010176454354226 0.699164486191507
3.1855960152444354 4.401118780560669
2.532718167994931 6.289353469443935
0.46551103667275107 8.556024396630344
8.46511520265265 3.532725745197544
1.9529201094876625 8.087396727452727
2.6012422471961703 2.979954796526064
2.9735973303502394 3.312969332251383
4.691643581798837 9.366293224220076
0.9131407858750062 1.431460497120327
4.668080576678301 3.236102354556966
8.00995943358391 7.253743997375629
4.256223484636053 4.891987184523173
9.425521474583816 9.292516728448007
8.997713810640347 2.1721819716514954
3.35416142804882 2.2259789590190415
5.038149480063926 5.925315947036389
8.753447866516659 0.7802250647732822
8.27679055993379 7.422981801863302
9.14042446641658 0.1398751886577565
1.8171095420978067 5.9323509651930575
3.188774955255951 0.2361429895038758
6.474093475784182 2.646705243923728
0.985916462513361 3.208365559876957
5.33682458422977 0.38935304192684317
6.564224653562803 8.99055292834511
3.2205614431090126 2.241844340271478
3.2320848413768513 7.9159146309788175
5.545761395681442 5.063747260999216
0.06695555651499596 1.7277255167192451
0.297470995729171 4.62797892929382
1.5227470815035593 6.018164532764025
3.1720187155982327 3.942849709951827
2.1641639193982742 1.8897365077252148
7.66584195180588 7.21723428909864
2.9710828346968885 2.4251855533911124
9.81382043036138 0.3455405840800918
9.494988189723184 3.382263870751
7.122947046073777 3.371170485493513
7.533043880428304 7.756471686515339
7.179693827527588 6.699413327079022
9.127766260676246 4.179651029294382
5.853814433432261 5.860192069141227
4.85991948687419 2.3104356595577635
6.466723611800025 6.0029294949793455
9.385383591860116 0.12524587226616535
3.527009366492547 6.991172710012829
8.286077529097502 4.140419045851287
4.606853040388748 2.9923567981922106
4.481566266242595 1.2048043032504252
3.64821100500742 5.015031024219465
5.656477880303919 8.774984870092604
7.455942901719698 1.4392238716084893
9.304205306589818 3.7249670695748005
0.2551127389734631 4.640864447885338
9.740393489149517 5.949686292568241
2.060609974607064 5.03825287320857
5.5539738960896585 6.198910010353868
9.969695214532836 6.837098560560286
5.499076918334202 8.53391565716687
0.6035553436341579 4.942227463471511
2.217703975047316 3.9419032653207333
4.0459394037034215 2.3090036740598396
4.475106148148909 7.193543438805032
3.3140966370543734 4.511049711404746
4.159547285422423 5.7863459777340065
2.226042374006819 5.105269633252418
7.313635671676697 8.09767971328693
0.31612025981082925 1.4854990624244424
1.6887175174087043 7.513385455672868
5.761846525936823 6.899120593170991
2.2596190637768823 6.007567050335382
6.560505383446614 2.5275262444569577
8.101908920996891 3.8532639940602897
5.002578178320206 7.435416252246943
0.1705821937841545 1.4758013505172796
5.618225496749379 7.669920389446289
2.7590775936030543 9.072806120030702
3.151316059586043 0.3394315753565935
4.6383263703923046 0.09558343821245097
5.718660845245747 3.7629994836896596
4.128918857292958 2.2778467009788006
3.707176292139167 7.296813852669944
4.737320246803786 8.703573917665022
1.7870016510006936 5.7574539911768285
6.897444642253148 9.61494864469017
4.330602795273886 8.051550878910785
5.734907964776861 6.090426484663269
4.211494669138877 1.004425451867783
9.837218920291564 7.513473482698051
7.707727886617768 8.040246569889579
6.37299986455134 7.412407867997548
3.759831912015149 3.548125264587978
4.567620637389976 4.884886927214339
0.1790387429664575 2.5968384679431713
3.7451169539404505 2.802180662196776
1.4187772419788514 7.622843556923639
6.286265199108833 7.62013908478619
8.202082268104204 3.0861502835290198
5.387113470168434 6.411499865931056
8.277611680322693 6.564107849129018
2.720905970880798 7.7488235630531
5.801844115823749 8.926897126319238
9.054501398177893 8.090484914542582
8.073860390180924 0.9064781602072447
2.039217169783437 8.682242464450322
9.808830624570247 9.362041592042171
0.49504320309671446 2.322087459390864
2.9132918547236955 7.100837145788112
0.700918244043417 8.163668778847676
9.012216157412572 5.570362578042474
9.288525207386435 6.173279379404577
8.37306859866327 5.754477891589112
6.949904077035171 3.0866548289850018
6.633279199859486 6.068615990366341
7.785232386569386 5.651580848337882
4.512873365005744 6.951387796401988
1.241086331300193 3.185294065812976
1.1233254883830013 9.641285267728497
6.458939819550745 0.05751995463003867
0.3726524777286433 4.360998688017311
1.5797031624637359 4.861023755959327
1.8447735718847247 1.8353752754580943
8.885331903893078 6.021993151491017
0.1509003687693089 7.151723906313732
0.7392285952348399 2.5037560989929553
6.78270761475161 4.79671248573435
8.999847489820812 3.0966003022003328
0.28467033784327134 5.886853259928374
7.69833150076114 5.880674054306519
4.320775795200329 4.722517209083304
6.910013510618614 7.039708385439171
8.294981402947673 2.846899529981357
4.112466410052017 8.51129571799676
0.8792321223206523 9.593999534461542
6.911343472376162 4.852515664343989
5.790268658570651 7.098184301252467
5.286365401026284 2.3855938834358703
2.913862010079329 3.18373380941942
2.9625041103713654 9.643429250399434
7.442005555548716 4.052680118188321
7.759726032927028 8.256692942346692
2.5806627459854434 9.563392735295501
8.016704686177803 1.0223311981556082
6.251246095609631 6.667466622421752
1.3957495858057434 4.619797924162704
3.4515221808010055 6.346733060592217
7.4764993153910435 7.716574475167039
6.387991805310279 4.820021183142892
0.6089673065760881 8.194977433065919
3.546732519909611 2.1942044118400874
0.5199841043048548 1.5615803716707388
5.832637325712723 0.6318244477775392
0.410560271924475 3.382024047269123
4.293566571146794 6.37648626606345
4.723411690693412 8.470574584188258
5.576906882654411 9.3929716066405
3.7037390750104704 1.329014799480448
0.7745360256767186 0.6094365405034396
3.9483349708391624 0.02902820278925744
5.752427720678911 5.898137915344906
4.9192482213345015 5.243746007907685
4.988829808307599 7.607506503157323
1.9375941280051612 0.9556409514577779
2.1967065687331813 3.415706828997229
9.296821936621637 5.195377270523678
5.751624845022997 2.1279564037419494
9.286169203829868 2.044204411683933
8.666823698991204 5.8714911227559154
9.481797102414168 6.944754241139614
3.5784105564166193 7.851299590343208
7.814929054764763 4.002739291719703
7.3148227440827345 0.10949286553319393
0.9499799222819938 7.011468675976941
8.202963283115283 5.095771941819407
4.808705740406315 8.4914920645624
0.7450724713089696 1.9724685788334761
6.54155355992258 9.407198920324097
9.056156121472918 9.783503705738124
6.139434034268515 6.4359699232943655
6.409300960422412 4.733539922168606
5.307901724324811 3.8181891650209865
9.992695125414848 6.268239660589547
5.100325446013869 4.808625834926059
6.656379355094975 7.315664365906764
8.432733191296053 3.4211560304480706
6.653304870109414 8.323959705353555
8.786120374425307 2.3571670850495385
2.189678690593774 7.287913789012781
3.3719238436825947 2.7560087928915533
4.527294333397168 8.242837042462622
0.34754726454178764 7.392274392709587
2.6736735598635675 7.381233427419122
2.3178645376440867 1.8050569617294765
0.5081137882174014 9.731305687344237
1.1710352345437014 9.308604594159206
2.7367615081181507 8.51537876321584
5.799080460847819 5.854314163519022
6.527206474156674 0.6593022240843571
3.016459865874326 6.240054020267362
0.557296243371781 1.3319418864168453
0.5332932006742253 7.417292294112522
7.248065068958711 6.839452147019034
1.7550033297837886 6.102220862947201
0.23038374333033906 4.435552842497264
4.857065864440413 3.7060404423697655
3.164424352406349 0.4537758431892114
1.1574604349872064 8.858272890959334
1.5490017381482424 0.6619060308419622
3.883687572716182 4.9292917076784635
3.319449782791273 7.48936896112035
4.774962531059344 4.355688490150765
7.642163133408788 6.611468069090352
4.290361753190215 9.144517840437192
1.5447689951293886 7.183603328847063
1.0935140151818956 0.3988317452350687
0.21122428878088684 6.514578963172754
9.793621791453297 8.652174442228667
0.07374363014392982 2.8867741616205524
7.985879317486621 9.891514222282021
9.4972686001566 0.23769887284439406
3.4136526924165245 0.21817273987980057
9.330959011220077 7.588153964485841
0.6896355328670001 3.1799931342269883
8.493214080385169 6.806160126958235
8.888031429387613 0.27320239269067237
1.4193302440224298 4.912424505159524
9.9843392499494 3.0344490082876243
9.766097575480785 5.902162213346918
9.95518159474051 9.069548855892405
9.634177647459053 5.207851727370731
1.8342408705481272 5.527984301577142
8.800755377880161 4.5152565541042025
5.003177115726224 0.3665977186654512
5.686487006645107 2.699169055571357
1.2895834878110335 6.678392388926793
0.33454302596868657 4.039610085045825
9.914349780689815 0.4213550256193366
7.109147278579303 7.392224318373707
6.488812205558981 1.0966267258069862
8.438319371394778 9.380764195542689
2.359613302328941 1.5147298397249986
8.425904595704806 9.769062463001134
6.740730149983724 7.505429987095429
4.643618225810826 0.9776727199310464
6.335119079758296 9.653900386272612
0.48309409883194987 7.747415526880202
3.8243270850896973 5.859166544485129
9.335313791459143 0.940007519788848
5.445311840992314 7.100631543962916
6.7901948644357715 4.749319188875774
9.694180512067469 9.247583868506714
8.573752794905857 1.4260938839711956
1.1041520141330574 3.267602619570554
1.326106336942765 7.535813340647558
4.5129225746009265 2.302773961880693
9.211224376331465 0.6970787532954859
3.9176577107116817 7.434954145097107
6.38724736561608 6.661652084078917
6.502411291534135 1.8305556376662013
2.653847886333671 9.854430489739723
9.032267008383156 9.05322199611139
1.0876857453529976 4.52362938199244
3.985422116551277 8.28410798591667
6.147222496243472 0.05006778987216909
2.8139105195805225 2.1359358733619063
1.4336498895326355 7.091708450041303
8.20881284602076 3.4705031617608837
4.9449132468083645 2.464717193327126
6.666259405324581 0.7910303035030797
8.881689996640155 6.041061086209291
1.2491677267813683 8.480057205347524
7.020028078030447 2.1439122376846544
8.513168552285977 8.941281567589051
9.143558603495794 2.1033412639159286
3.041094373252633 1.7167858728464958
2.910604045647208 1.816356496466387
3.4743495903400756 3.2340566674677884
8.435023144112037 9.958349050909263
4.378663014047353 9.07999222339534
0.1311465688335356 9.423717526656029
9.307963622891165 8.980290388004699
2.9842334099569867 4.088041555719869
9.927966797151926 3.1549082990734867
1.9953385813860103 8.600498031716823
8.580983292334247 7.423257932730741
6.266949753068004 7.30833817685932
9.714135251264363 2.145299871459654
6.1401524042847635 9.189806030066897
1.531809244903658 5.709646392152256
1.5374656098473993 1.4511278170456954
8.29455893873239 4.282477264543728
9.849685261293487 2.5437041706707797
3.5297376975885797 7.573241628684602
5.719371258389751 2.879153194119979
6.3895203490412715 2.9656372431863742
8.123936373663827 5.000584351470831
6.297756496705256 6.868543249524706
7.419797144285632 8.071220262160622
2.0335890819306113 9.45979866597693
0.9346587256838468 9.707057246814085
7.442940321607047 8.710515121830785
9.17442520543609 8.439088377975002
2.8321771251385863 4.128901788465739
9.101984187730034 2.727068161566973
6.778189991011738 3.4595474259388603
4.882278123179045 5.003996745572773
8.757551091237062 2.407930951902355
1.2126395932829603 9.145428707801289
3.02702458452053 5.999461331270143
5.371317276549011 7.41948445208524
5.719254098519895 7.509690387424438
8.446043422940118 7.375730450348543
2.999366607757864 1.4923207073565192
6.304858449677834 0.49884958552433467
5.219159701521519 0.053624255805619914
2.6972809344505846 4.14458238986032
9.895057464415594 5.211491381435883
0.7087383460827257 2.8417435126696953
0.7380321164463943 6.676350241341698
2.424310671052555 4.460568709882795
4.5682026567047735 2.436790234301698
3.711288844659175 6.127403486498259
0.6017491960531929 3.060594910327726
7.679453768232766 9.050677622545178
2.4061090509265624 6.321330373657857
8.046685431211507 0.3851604444111889
1.9853814018857252 6.00428280382713
4.178326555283899 7.617185151336804
1.1132235491716014 5.78720434171632
9.758108224095372 6.976406820462736
4.164580205886144 5.400438121090115
8.579847922843452 6.664075327583145
0.5597034417585145 7.985257340722029
4.3137472481006895 9.053354767938178
6.50312738357268 6.160435116925479
0.8112640180528086 4.569672766440743
2.6511600890878584 9.83122212391091
3.928752947504508 8.281956944789538
0.582505163101672 7.281749809009196
4.913163925360977 4.420592857861232
2.2886939905473835 5.962064054388638
9.124761096273332 2.1226116433162243
2.418616956802336 7.563977329897414
3.6987683533122206 6.420676686315243
2.331798507176066 1.0682292488268663
4.124615805116162 8.909312761645245
6.761677483710437 4.73513915712851
2.71964809860369 8.520636321450954
1.2958509120671602 4.022041185300463
3.5494449591795707 2.398703220104188
2.432789401418539 8.873656615241403
1.840982943312225 9.57151569552479
5.3279599934529855 0.8522865450917649
8.917888733322203 2.0128338040208495
4.126710076767227 9.045230186382561
2.2551049304290807 8.122458427370718
5.104587439787145 0.373662137553874
8.219133627644368 6.432786558701748
4.850434887590057 6.912987354731936
3.784022913385212 3.1618885882856973
7.275438147591492 6.663676221869612
6.548155666672736 1.0946779017419983
5.581404678187539 0.008931847482478439
9.088677630900852 8.985913135459182
1.069092283594082 1.49069769881365
1.8776102835196884 0.7931227663511731
5.129323640050449 1.1224809613195696
9.280178808789781 3.7606899575357398
5.123077217362053 3.675506170499363
6.7167100653701075 4.930023755433139
5.934680301419711 4.405910492138617
3.695712360933249 2.1922181473285662
8.337591575227076 0.505490630949933
1.6194685911475348 5.200630213033016
8.251551933058154 1.1274848856195996
5.208255900013922 5.1887453966782555
9.898090740403893 2.0306292315789296
0.030651919629284263 8.124190966600105
8.779348520305419 2.1472068439200074
4.898966119717906 3.1172870970663857
8.661502909382792 9.296792052854755
7.62178534345942 1.634595088884666
7.479966631806167 2.667967711914827
0.5288422019126782 9.382261220206207
2.1526181918262144 3.157767735325642
1.069355643344121 9.753395516749862
3.383526519957184 9.774446808908142
7.321393505444899 8.952107899489963
6.274402339745264 0.0565981208324029
8.828750359082301 2.3108805593004855
3.15066605048223 7.032579797504419
4.556828493739183 8.509443089628402
9.23429888818019 9.613037661225745
1.9206100698165696 6.406649667225669
2.475159678762445 1.649269467538852
9.98723688053391 5.123015887814209
8.32868084395252 4.468714325673142
4.220916993725918 9.771352688980773
2.030469504510901 0.8438825914605586
5.1858583261790105 9.920930713889163
8.752420906411606 8.354624482757023
0.5043528794605823 3.582813964745508
0.7079681867173448 8.888260901161766
8.354875814792562 9.846301578659238
9.522243190524225 8.067611447329227
1.061601690423769 0.1527074185226629
4.607939095035691 1.798455769665076
1.3191002998919554 1.64525837910792
8.216806419962722 4.257342072857808
4.763409086152871 1.118915348686349
0.6922703620984683 4.984374648664299
3.2255642744452704 1.4849028954038457
2.8170689621885048 9.639042597087933
3.680695957420218 1.304601047847852
3.4284828193461667 9.959106390033952
3.053127846307734 7.4636646634031125
6.1706790353423955 1.6154408773351925
3.440210908929634 6.365397579388718
9.370402995506522 0.36438447182535305
2.351773855983926 0.38298777871526357
9.90939588767455 5.787100345974761
1.8237508008018 1.7973271381472966
1.3637751721958402 7.4616017322668995
9.454831723768523 2.0105681990619404
9.54424515774613 2.2178914448799847
5.093816654881075 1.1786474470657382
5.141051269244753 2.5483361566039786
3.70586059052867 0.15595855953057347
2.1239430022408734 1.9242239147469353
7.3751868927682365 2.3684088339295295
8.69555844061925 4.325188746003864
6.159299701707458 8.473519983375692
7.623129333375821 3.729637968420443
3.04603878822989 9.551189818144307
2.5863377153103304 8.137517170348156
7.600198679257051 5.755696063044525
8.149595197009882 2.284616936653079
5.9618621470947195 4.018207484718235
3.852412807626835 7.9236903484788
5.615020345652556 9.384675510572842
0.11858928326398122 0.9915080016149858
1.8292306255540036 7.728713211097005
0.3057725820911228 0.7747934159455439
5.789774441336463 1.4740263925805475
5.262092193635604 6.237792943938098
6.83158399257268 7.340123845864634
3.9798537995774588 3.3179954570964796
6.578771595678605 9.603623401035463
2.329890888951306 1.7712269093441912
8.034479916407186 9.06360690215141
0.07939485995382856 7.390395902755536
5.229199286557719 5.838650767054694
3.00805752525111 4.393625454529095
1.0798570122535733 1.5714084950056684
9.239706694009692 5.3237266529001035
1.1469687068004542 8.572433149468262
5.028279039808421 8.989474992393234
5.399807966973494 5.615422585532109
2.9810949113762875 2.5674201091161066
7.410170275653639 0.49131291755371787
0.3412771507508505 0.6817722103688884
3.6861595048806284 4.877409344337652
1.5768701355970394 4.64103762096424
6.808620557041747 7.175562032474105
9.566496786484425 5.724673499434654
8.148467335007366 9.120116050498083
9.189775304326538 9.853236359560306
4.834512627161337 3.4488224458643977
0.06272330342860899 2.353247696961879
0.7942463809871458 5.803455714216719
9.565569594264758 4.237446240931736
0.7143094343739032 7.01222516748901
4.248851742838845 7.651472344160878
1.5478115006921522 9.72515650388973
6.165796921896794 5.431020198634108
8.197920417536093 1.338732413166892
2.6207916669956366 0.10498657240959774
9.46207866201252 6.325706071772711
8.481966502062827 5.478569941444312
3.0798379751719853 1.7921187592328014
5.382913389766186 7.875370844463658
2.73076628765203 4.5374398731506975
5.456160216031888 1.2367686548907342
4.133611678362278 0.7534500415232237
6.433481307038157 1.9740484871511066
4.8472735302755545 8.149789107724734
9.82739859612261 3.400786556834036
6.851078063327677 8.548997142385407
0.8972555321767184 3.4285645040608137
9.64571197222414 7.460996322440395
5.167148802235115 6.512169179882518
4.981863489345545 0.21202629098165726
7.8847004336069615 3.58188952700937
0.32101672575280515 1.3677163473624676
0.24382365047295296 6.097440897750142
9.228583643767662 3.432951168096725
1.3152287251201056 6.916457520247976
5.821031482940474 3.5197619336888906
3.050017156142224 3.7001303095419367
5.880333148064532 4.816142765122256
2.3524498017991933 7.618442242069591
2.4684045123280987 0.4702953438818569
0.9465021356807679 9.174196590940351
2.224993743176167 4.249944125297178
8.923953223461407 3.9906319104465835
6.095603089600495 5.672453780720234
6.286610475572351 0.40935887380836755
7.297401731989337 0.3049920145056606
7.706280306838655 5.734659673942169
3.3709231766071266 7.801958350439039
7.2791898990434944 8.50801029726075
6.47195725738027 9.728076809205493
9.275626323727389 0.063446068924361
0.18336794540707024 2.727183779160267
8.021994730886131 2.8335838088199248
7.093206081053757 0.390415933890087
7.263396601278014 4.315024077572959
9.51275070032523 7.498760037660328
5.550770059184639 6.5813502892887605
8.217790802758739 5.156364323202575
8.095263017454975 6.751021929857445
2.949463773501492 0.1660553593587788
5.366747881564863 6.0330505830507954
1.1712707959362212 4.110304599454057
2.89229872964515 1.3920419594855915
1.8028233932278315 9.853364122682187
0.1475863448528114 3.75542129130203
6.3023147071153645 8.731397191364914
3.814464378932234 2.607185347221108
1.6892644954212166 4.373249398280575
3.067044768367463 6.463415859791041
2.3012961380387376 6.584192589813858
4.345580337714496 0.39216034895330876
2.039492267849753 4.851066982202569
0.9449299748744744 6.096617049979206
1.7577774748904529 4.495218922786913
7.557504096957992 7.537773198145047
8.249144681094837 9.740133620425675
1.735424431960888 2.203355955844822
3.1167462540262934 2.0815044389724466
1.0284481364296283 5.150447080734599
8.028142663147094 3.20905301794147
1.4408622095898005 4.0651404471400765
4.159332542648732 8.040549990134737
2.2069887340186933 6.0854549231169655
7.481438095057933 6.802392442680415
7.762466585984509 6.106824510799562
5.253314174919684 9.110467470573573
6.52646019179901 0.3363676101784463
6.452239642663498 3.9875930425771355
7.681036854933625 0.07942952312669171
2.5848865367596874 5.15810535945294
2.334703676978017 5.816165783863449
